

UserID,MacroGroup,RailsGroup,Tariff1,Tariff2,Tariff3,Quality1,Price1,Quality2,Price2,Quality3,Price3,TotalExpenditure,Balance,Accept1,QoE1,Like1,Accept2,QoE2,Like2,Accept3,QoE3,Like3,OwnMoney

  49,Increase,1,A,B,C,3,0.571,6,2.143,7,3.429,6.143,3.857,1,4.0,1,1,4.5,1,1,4.5,1,4.5

  50,Control,2,B,B,A,5,1.714,4,1.286,4,0.857,3.857,6.143,1,5.0,1,1,4.0,1,0,1.5,1,2.0

  51,Increase,3,A,B,C,5,1.143,5,1.714,5,2.286,5.143,4.857,1,4.0,1,1,3.5,1,1,4.0,1,5.0

  52,Control,4,B,B,C,5,1.714,5,1.714,4,1.714,5.142,4.858,1,4.5,1,1,4.0,1,1,4.5,0,1.0

  54,Control,2,B,B,A,8,3.0,6,2.143,4,0.857,6.0,4.0,1,4.5,1,1,4.0,1,1,4.5,1,1.0

  56,Increase,1,A,B,C,5,1.143,6,2.143,4,1.714,5.0,5.0,1,4.0,1,1,4.0,1,1,3.5,0,2.0

  59,Increase,3,A,B,C,3,0.571,6,2.143,1,0.0,2.714,7.286,1,4.0,1,1,5.0,1,0,1.0,1,5.0

  61,Increase,1,A,B,C,6,1.429,7,2.571,4,1.714,5.714,4.286,1,4.5,1,1,5.0,1,1,4.0,1,2.0

  62,Control,4,B,B,C,1,0.0,1,0.0,1,0.0,0.0,10.0,0,1.5,1,0,2.0,1,0,1.0,1,3.0

  63,Control,2,B,B,A,5,1.714,3,0.857,5,1.143,3.714,6.286,1,5.0,1,0,2.0,1,1,4.0,1,3.0

  64,Increase,3,A,B,C,8,2.0,8,3.0,7,3.429,8.429,1.571,0,2.0,1,1,4.5,1,1,4.0,1,4.5

  65,Control,4,B,B,C,4,1.286,8,3.0,4,1.714,6.0,4.0,1,4.0,1,0,3.0,1,1,3.0,1,2.5

  66,Increase,1,A,B,C,4,0.857,3,0.857,5,2.286,4.0,6.0,1,3.0,0,1,3.0,1,1,4.0,1,2.0

  67,Control,2,B,B,A,4,1.286,4,1.286,2,0.286,2.858,7.142,1,4.0,1,1,4.0,0,0,2.0,1,3.0

  69,Increase,3,A,B,C,4,0.857,7,2.571,4,1.714,5.142,4.858,1,4.0,1,1,5.0,1,1,4.5,1,2.5

  72,Control,4,B,B,C,2,0.429,4,1.286,1,0.0,1.715,8.285,0,3.5,1,1,4.5,1,1,4.5,1,2.0

  73,Increase,1,A,B,C,4,0.857,5,1.714,7,3.429,6.0,4.0,1,4.0,1,1,4.5,1,0,3.5,1,3.5

  74,Control,2,B,B,A,4,1.286,3,0.857,7,1.714,3.857,6.143,1,3.5,1,1,2.5,1,1,4.0,0,4.0

  75,Increase,3,A,B,C,4,0.857,4,1.286,3,1.143,3.286,6.714,1,4.0,1,1,4.5,1,1,4.0,1,3.0

  76,Control,4,B,B,C,5,1.714,5,1.714,5,2.286,5.714,4.286,1,4.0,1,0,3.5,0,1,4.0,1,3.0

  77,Increase,1,A,B,C,5,1.143,3,0.857,2,0.571,2.571,7.429,1,4.0,1,1,4.0,1,0,3.5,1,1.5

  78,Control,2,B,B,A,8,3.0,4,1.286,3,0.571,4.857,5.143,1,4.5,1,1,4.0,1,1,4.0,1,4.0


